0.000105 1.164912e-26
0.000147 1.229238e-26
0.000198 1.368741e-26
0.000261 1.444321e-26
0.000348 1.524076e-26
0.000493 1.697039e-26
0.000685 1.889632e-26
0.001010 1.993976e-26
0.001461 2.104082e-26
0.002246 2.220267e-26
0.003181 2.608755e-26
0.004891 2.904816e-26
0.006858 3.413081e-26
0.008331 3.601548e-26
0.010652 3.800423e-26
0.014783 4.231723e-26
0.019096 4.465396e-26
0.026502 4.711971e-26
0.036405 5.246721e-26
0.062007 5.842158e-26
0.086053 6.864380e-26
0.107800 6.864380e-26
0.143600 7.243425e-26
0.203412 7.643401e-26
0.260089 8.510831e-26
0.360952 8.980792e-26
0.511297 9.476704e-26
0.660490 1.000000e-25
1.148271 1.239854e-25
1.498600 1.380562e-25
2.659249 1.806215e-25
3.652910 2.011197e-25
6.350631 2.631286e-25
8.813422 2.929904e-25
15.166128 3.833247e-25
21.483145 4.503963e-25
35.484367 5.892616e-25
47.755291 7.709416e-25
