0.050444687125573776 2.4184802120656047e-29
0.059626302718882175 7.06479731967603e-30
0.07009266547604734 2.10654350313315e-30
0.09904418633274771 4.65651886553812e-31
0.13087944333155568 2.3253836682371825e-31
0.16318066239714693 1.3214440976844739e-31
0.20305425564291796 7.96115886026255e-32
0.2858935645772137 4.993646485292257e-32
0.4575598725610883 3.242961532196389e-32
0.7323041261447335 2.78803961958485e-32
0.912799494774089 2.894981189328741e-32
1.1720200247608141 3.670869445805551e-32
1.8757656681137602 5.861371139600775e-32
3.0020791175409434 9.410065510588368e-32
4.804693454613775 1.5034379230431578e-31
7.689697136202669 2.40202959894482e-31
9.863661819034395 3.0462737241866795e-31
