7.27593e-2 2.65213e-24
7.44402e-2 1.79662e-24
7.57518e-2 1.24254e-24
7.69830e-2 8.60019e-25
7.83394e-2 5.85854e-25
7.98269e-2 4.02602e-25
8.14520e-2 2.77332e-25
8.31101e-2 1.90584e-25
8.48021e-2 1.31480e-25
8.67613e-2 8.86044e-26
8.88850e-2 5.98636e-26
9.10608e-2 4.12808e-26
9.34153e-2 2.86628e-26
9.60885e-2 2.00116e-26
9.89710e-2 1.38932e-26
1.01940e-1 9.94325e-27
1.04998e-1 7.32489e-27
1.08148e-1 5.41246e-27
1.11392e-1 3.76908e-27
1.14734e-1 2.60876e-27
1.18176e-1 1.80840e-27
1.21721e-1 1.29820e-27
1.25373e-1 9.50545e-28
1.29134e-1 7.07731e-28
1.33008e-1 5.32581e-28
1.36998e-1 4.04450e-28
1.41108e-1 3.08081e-28
1.45341e-1 2.36106e-28
1.49701e-1 1.75793e-28
1.54192e-1 1.26774e-28
1.58817e-1 9.24019e-29
1.64077e-1 6.83549e-29
1.68489e-1 5.25650e-29
1.73543e-1 3.95562e-29
1.78750e-1 2.99939e-29
1.84277e-1 2.26551e-29
1.89635e-1 1.77778e-29
1.95324e-1 1.39812e-29
2.01558e-1 1.18473e-29
2.07697e-1 9.15006e-30
2.12901e-1 7.87639e-30
2.19838e-1 6.10469e-30
2.26433e-1 4.79451e-30
2.45442e-1 3.30285e-30
2.52805e-1 2.87606e-30
2.60389e-1 2.52738e-30
2.68201e-1 2.24473e-30
2.76246e-1 1.99673e-30
2.84534e-1 1.78968e-30
2.93069e-1 1.61388e-30
3.01861e-1 1.47541e-30
3.10917e-1 1.35911e-30
3.20244e-1 1.26345e-30
3.29851e-1 1.17452e-30
3.39746e-1 1.09518e-30
3.49938e-1 1.02431e-30
3.60436e-1 9.65337e-31
3.71249e-1 9.12529e-31
3.82386e-1 8.61299e-31
3.93857e-1 8.10476e-31
4.05672e-1 7.66140e-31
4.17842e-1 7.26434e-31
4.30377e-1 6.85652e-31
4.43288e-1 6.53090e-31
4.56586e-1 6.23969e-31
4.70283e-1 6.01610e-31
4.84392e-1 5.80052e-31
4.98923e-1 5.60970e-31
5.13890e-1 5.44168e-31
5.29306e-1 5.26266e-31
5.45185e-1 5.12058e-31
5.61540e-1 4.96721e-31
5.78386e-1 4.80381e-31
5.95737e-1 4.64578e-31
6.13608e-1 4.50663e-31
6.32016e-1 4.35837e-31
6.50976e-1 4.21499e-31
6.90619e-1 3.86507e-31
7.11337e-1 3.65364e-31
7.32677e-1 3.42761e-31
7.54656e-1 3.13351e-31
7.77295e-1 2.88213e-31
8.00613e-1 2.65091e-31
8.24631e-1 2.45685e-31
8.49369e-1 2.28393e-31
8.74850e-1 2.14916e-31
9.01094e-1 2.03778e-31
9.28126e-1 1.92924e-31
9.55969e-1 1.84882e-31
9.84647e-1 1.77987e-31
1.01419e+0 1.71870e-31
1.04461e+0 1.67230e-31
1.07595e+0 1.64706e-31
1.10823e+0 1.59773e-31
1.14147e+0 1.59773e-31
1.17571e+0 1.55696e-31
1.21098e+0 1.54517e-31
1.24731e+0 1.54517e-31
1.28473e+0 1.54517e-31
1.32327e+0 1.54517e-31
1.35886e+0 1.53872e-31
1.40386e+0 1.59773e-31
1.44597e+0 1.59773e-31
1.48935e+0 1.59773e-31
1.53403e+0 1.59773e-31
1.58005e+0 1.65208e-31
1.62745e+0 1.63957e-31
1.67627e+0 1.68814e-31
1.72656e+0 1.76639e-31
1.77835e+0 1.73709e-31
1.83170e+0 1.76639e-31
1.88665e+0 1.81540e-31
1.94325e+0 1.84602e-31
1.98547e+0 1.88860e-31
