0.1602 1.03290e-32
0.1634 2.55305e-33
0.1667 7.65682e-34
0.1694 3.58724e-34
0.1700 3.12301e-34
0.1863 4.38576e-35
0.2050 8.27109e-36
0.2255 2.73740e-36
0.2480 1.20626e-36
0.2728 6.48955e-37
0.3001 4.11481e-37
0.3301 2.89870e-37
0.3631 2.17980e-37
0.3994 1.65712e-37
0.4394 1.23296e-37
0.4833 9.15361e-38
0.5316 6.61865e-38
0.5848 4.68175e-38
0.6433 3.38750e-38
0.7076 2.47281e-38
0.7784 1.72011e-38
0.8562 1.25105e-38
0.9418 9.50135e-39
1.0360 7.20338e-39
1.1396 5.70352e-39
1.2536 4.58772e-39
1.3790 3.59982e-39
1.5169 2.77873e-39
1.6685 1.86206e-39
1.8354 1.28523e-39
2.0189 8.64858e-40
2.2208 5.79214e-40
2.4429 3.96939e-40
2.6872 2.64796e-40
2.9559 1.76215e-40
3.2515 1.19290e-40
3.5767 7.91728e-41
3.9343 6.41642e-41
4.3278 5.09966e-41
4.7606 3.93947e-41
5.2366 3.12133e-41
5.7603 2.52888e-41
6.3363 1.91899e-41
6.9699 1.26060e-41
7.6669 8.58672e-42
8.4336 6.04479e-42
9.2770 4.43665e-42
10.2047 3.49229e-42
11.2251 2.64569e-42
12.3476 2.19325e-42
13.5824 1.62512e-42
14.9407 1.40396e-42
16.4347 1.23864e-42
18.0782 1.11465e-42
19.8860 1.02127e-42
21.8746 9.52373e-43
24.0621 9.03275e-43
26.4683 8.70910e-43
29.1151 8.53002e-43
32.0266 8.47252e-43
35.2293 8.53349e-43
38.7522 8.70270e-43
42.6274 8.97147e-43
46.8902 9.33862e-43
51.5792 9.80270e-43
56.7371 1.03640e-42
62.4108 1.10244e-42
68.6519 1.17878e-42
75.5171 1.26593e-42
83.0688 1.36454e-42
91.3757 1.47541e-42
100.5130 1.59946e-42
