0.1410 3.26700e-31
0.1600 7.05574e-32
0.1830 1.78403e-32
0.2000 8.78580e-33
0.2110 5.56717e-33
0.2430 2.14927e-33
0.2750 1.17782e-33
0.3000 8.34543e-34
0.3140 7.36667e-34
0.3650 4.86589e-34
0.4010 3.99077e-34
0.4990 2.99985e-34
0.6010 3.00486e-34
0.7010 2.94980e-34
0.8000 2.72292e-34
0.9020 2.59951e-34
1.0030 2.43105e-34
1.2050 2.09706e-34
1.3640 1.92028e-34
1.5640 1.73852e-34
1.8170 1.50400e-34
2.0050 1.34299e-34
2.2070 1.36143e-34
2.6050 1.27669e-34
3.0060 1.17493e-34
3.2420 1.17599e-34
3.6090 1.26609e-34
4.0000 1.36930e-34
4.3130 1.36930e-34
4.7420 1.56019e-34
5.0160 1.53021e-34
6.0060 1.86294e-34
6.9760 2.09642e-34
8.0160 2.36885e-34
9.0100 2.61215e-34
9.9360 2.89224e-34
