# MeV  DM-e cm^2
1.6484 8.4983e-34
1.6809 7.2954e-34
1.7558 5.6973e-34
1.7802 4.9354e-34
1.7342 6.6726e-34
1.8997 3.8009e-34
1.8594 4.4985e-34
1.9409 3.2672e-34
2.0449 2.5783e-34
1.9937 2.9526e-34
2.1007 2.2012e-34
2.1958 1.8998e-34
2.2165 1.6621e-34
2.3058 1.4605e-34
2.4144 1.1619e-34
2.3418 1.3492e-34
2.5097 9.8813e-35
2.6290 8.0406e-35
2.7133 6.8605e-35
2.9044 5.3292e-35
2.7783 6.2321e-35
3.0383 4.6151e-35
3.2193 3.6498e-35
3.0769 4.2583e-35
3.3806 3.1549e-35
3.6099 2.4783e-35
3.4611 2.8786e-35
4.0012 1.7336e-35
4.1012 1.5072e-35
4.4814 1.1169e-35
4.8051 1.0017e-35
5.4783 7.9592e-36
5.7833 7.1675e-36
6.5939 5.5131e-36
7.0702 4.9503e-36
8.7621 4.1557e-36
9.6503 3.9048e-36
12.219 3.4226e-36
13.676 3.4410e-36
18.786 3.4837e-36
21.346 3.6306e-36
26.454 4.1436e-36
29.292 4.3716e-36
37.289 5.0532e-36
41.290 5.3600e-36
52.562 6.2686e-36
57.891 6.7589e-36
71.745 8.1929e-36
78.594 8.8369e-36
96.659 1.0766e-35
105.85 1.1696e-35
128.05 1.3498e-35
142.55 1.4962e-35
180.01 1.8821e-35
192.50 2.0003e-35
206.03 2.1686e-35
237.93 2.4689e-35
256.25 2.6750e-35
318.71 3.2423e-35
347.27 3.4694e-35
421.25 4.2211e-35
459.00 4.5806e-35
562.77 5.6338e-35
613.20 6.1064e-35
751.84 7.4064e-35
823.62 7.9976e-35
879.17 8.7470e-35
957.10 9.4806e-35
