0.03916173296818322 1.6955996110358461e-35
0.044716051036624675 1.123962650286495e-35
0.05305656323999017 6.832607387157489e-36
0.0645097853780481 4.2444316943520705e-36
0.0795381342170736 2.470911227985622e-36
0.09875449249709294 1.4384498882876776e-36
0.12091355875609794 8.744386061462868e-37
0.1490818611261286 5.315742189874178e-37
0.1863965750617212 3.1622776601683793e-37
0.2314298588294674 1.8812048520804384e-37
0.2774869429336911 1.2202987472088158e-37
0.35059293876960357 6.951927961775647e-38
0.3961477704992919 5.247166099312551e-38
0.4555021356681323 3.2595518570718325e-38
0.5022658591478569 1.6664969044163666e-38
0.5499779014260556 7.813707376518021e-39
0.5980330151434826 3.5084297255177094e-39
0.6548423243620991 1.5753186734235103e-39
0.7120601185363896 7.386199822079418e-40
0.7851631401837704 3.2454744574113258e-40
0.8627546610566069 1.5217062594579076e-40
0.9680765617224767 6.686332506183406e-41
1.1366791324919154 2.580204541647598e-41
1.2533752892707575 1.3480290400129043e-41
1.4014825327981009 7.354300195558004e-42
1.5891232095206131 3.926313401706872e-42
1.801886585054497 2.188898198923851e-42
2.0431362690743198 1.2742749857031426e-42
2.3329147807869504 7.580524367559308e-43
2.7012435087010287 4.413029616837839e-43
3.138661121431193 2.6826957952797384e-43
3.7240894134797142 1.7782794100389228e-43
4.3120616478716425 1.3422071527160174e-43
5.242898417352588 1.1288378916846929e-43
6.419328273672982 1.2045562009355527e-43
7.6433031885019 1.4015756422350563e-43
9.758637589801856 1.9390722220151078e-43
