5.060470704388622 2.058954918316095e-45
5.20928754467775 1.5123543274176278e-45
5.343299962273322 1.1534599400904462e-45
5.491958133193695 8.574145457111654e-46
5.658851590120002 6.242776706813789e-46
5.830816721900581 4.600669479692813e-46
6.008007650130732 3.3675000435545204e-46
6.194148089951435 2.4788946293922995e-46
6.406922587657331 1.8238162797869846e-46
6.609226032358529 1.3362404934925655e-46
6.84019555552144 9.678701302233792e-47
7.1042275274090665 7.251822592380991e-47
7.4642874081199295 5.313695431092437e-47
7.787652406993387 3.93750974592673e-47
8.125026100438642 2.9232631968389643e-47
8.477015367753971 2.1665815077060922e-47
8.844253379230071 1.6081967491005238e-47
9.296717912972458 1.1901159020227904e-47
9.796739378040014 8.880819183288831e-48
10.272274307710358 6.667222311844458e-48
10.770891761127677 4.918302559332205e-48
11.293712166822642 3.6457598537607683e-48
11.871488943524056 2.6846510293398862e-48
12.541241110439342 2.0599042021543784e-48
13.248778593688726 1.6444041774773468e-48
13.996233122292264 1.3110901219694024e-48
14.7858566907344 1.0795268311735584e-48
15.620028343964158 8.954880200017724e-49
16.501261345183856 7.605014101051993e-49
17.432210748021927 6.547169434366202e-49
18.41568139590394 5.734996688969664e-49
19.454636372723115 5.07985046316553e-49
20.552205930271164 4.578199560589977e-49
21.71169691932668 4.198213737875076e-49
22.936602752816047 3.8260135342253925e-49
24.230613931064564 3.504118255739515e-49
25.597629160849277 3.257331006109426e-49
27.04176710175389 3.0846695126103295e-49
28.56737877521614 2.924778374057266e-49
30.17906067365466 2.7903915890577483e-49
31.88166860917182 2.722160174516435e-49
33.680332343556714 2.6588863322316833e-49
35.580471043667224 2.60029991116616e-49
37.587809608756174 2.5810593895383223e-49
39.70839591893393 2.5587919766703383e-49
41.94861905673535 2.5587919766703383e-49
44.31522855669015 2.5842562279614945e-49
46.81535474089389 2.5938705200194646e-49
49.456530201847805 2.5938705200194646e-49
52.246712497293395 2.6392123093385615e-49
55.194308125418125 2.702017966501386e-49
58.30819785266705 2.7628961604482777e-49
61.597763470470404 2.8251459790639107e-49
65.07291606150135 2.8887983259298924e-49
68.74412586062782 2.9575434119651897e-49
72.62245380052528 3.0316747479735768e-49
76.71958483699395 3.1192257423782758e-49
81.0478631543863 3.217259960929966e-49
85.62032935721378 3.314270323273363e-49
90.45075975998786 3.4439173423310894e-49
95.55370789367014 3.5609609816629076e-49
100.9445483537867 3.7048410517340215e-49
106.63952312231523 3.878464449672342e-49
112.6557905029072 4.0501853829849435e-49
119.0114768168836 4.2399929722051545e-49
125.72573101575368 4.427720759806109e-49
132.8187823748036 4.640962213127246e-49
140.31200144157467 4.846443112346022e-49
148.22796442286327 5.073566465097186e-49
156.59052120423584 5.298201131706959e-49
165.42486720698741 5.546495638975154e-49
174.7576192990484 5.7920694788538596e-49
184.61689598854443 6.071018712649337e-49
195.03240214162471 6.3319734404008935e-49
206.0355184798078 6.6616163101212934e-49
217.6593961264817 7.008420404944783e-49
229.93905648742623 7.391555184641276e-49
242.91149676627785 7.776359935592154e-49
256.6158014328461 8.191330677791274e-49
271.0932599801252 8.628445548902577e-49
286.38749132478415 9.077642877150748e-49
302.5445752259438 9.562054122688308e-49
319.6131911181887 1.0072315058280915e-48
337.64476477710093 1.060980510375422e-48
356.69362325920605 1.1189819587214937e-48
376.81715858314175 1.1757799253444413e-48
398.076000645206 1.2400572027678339e-48
420.53419989025866 1.3046146458438996e-48
444.2594202883394 1.374232939281144e-48
469.323143198426 1.4493592022649534e-48
495.800882733542 1.5248129184226825e-48
523.7724132760903 1.608171054468011e-48
553.3220098288859 1.6960861946946382e-48
584.538701926045 1.7910230345349843e-48
617.5165418687237 1.8865975917947376e-48
652.3548880938805 1.989733692505566e-48
689.1587045298132 2.1011071766369503e-48
728.0388768403943 2.215970039982241e-48
769.1125465108207 2.334221090576444e-48
812.5034637814258 2.4648769349086425e-48
858.3423604929151 2.6028461180359868e-48
906.7673439663588 2.7417420789196756e-48
957.9243131046553 2.891627029692655e-48
991.9713528971415 2.954338291975188e-48
