# MeV  DM-e cm^2
4.36998e-2 1.09120e-38
4.87100e-2 1.22260e-38
5.48110e-2 1.43430e-38
6.16762e-2 1.68226e-38
6.94013e-2 1.95726e-38
7.80939e-2 2.26228e-38
8.78754e-2 2.62825e-38
9.88819e-2 3.03710e-38
1.11267e-1 3.47972e-38
1.25204e-1 3.93374e-38
1.40886e-1 4.42861e-38
1.58532e-1 4.97966e-38
1.78115e-1 5.55544e-38
1.98894e-1 6.29051e-38
2.25874e-1 7.09495e-38
2.54165e-1 7.68565e-38
2.86000e-1 8.23268e-38
3.21822e-1 8.69057e-38
3.62130e-1 9.12485e-38
4.07488e-1 9.63237e-38
4.58527e-1 1.02928e-37
5.15958e-1 1.12043e-37
5.80583e-1 1.23220e-37
6.53302e-1 1.29455e-37
7.35130e-1 1.45050e-37
8.25096e-1 1.62539e-37
9.34389e-1 1.86388e-37
1.04740e+0 2.07474e-37
1.17859e+0 2.46986e-37
1.31726e+0 2.82408e-37
1.49232e+0 3.29001e-37
1.67924e+0 3.53623e-37
1.88957e+0 3.72927e-37
2.12624e+0 3.92518e-37
2.39256e+0 4.13744e-37
2.69223e+0 4.30623e-37
3.02944e+0 4.42544e-37
3.40888e+0 4.56796e-37
3.83585e+0 4.75432e-37
4.31630e+0 4.94827e-37
4.85692e+0 5.08278e-37
5.46526e+0 5.18289e-37
6.14980e+0 5.27983e-37
6.92007e+0 5.37595e-37
7.78682e+0 5.47383e-37
8.76214e+0 5.56534e-37
9.85962e+0 5.58437e-37
1.10946e+1 5.58437e-37
1.24842e+1 5.60073e-37
1.40478e+1 5.70548e-37
1.58074e+1 5.82354e-37
1.77873e+1 5.96145e-37
2.00152e+1 6.14144e-37
2.25221e+1 6.52107e-37
2.53430e+1 7.15761e-37
2.85173e+1 7.84098e-37
3.20891e+1 8.56032e-37
3.64734e+1 9.19955e-37
4.06310e+1 1.00475e-36
4.52894e+1 1.12899e-36
5.14467e+1 1.28750e-36
5.78905e+1 1.38858e-36
6.51414e+1 1.49687e-36
7.33005e+1 1.56098e-36
8.24815e+1 1.56403e-36
9.28125e+1 1.56022e-36
1.04437e+2 1.51450e-36
1.17519e+2 1.45371e-36
1.32238e+2 1.39469e-36
1.48801e+2 1.34068e-36
1.67439e+2 1.28499e-36
1.88411e+2 1.23764e-36
2.12010e+2 1.19377e-36
2.38564e+2 1.15146e-36
2.68445e+2 1.09720e-36
3.02068e+2 1.03433e-36
3.39903e+2 9.70323e-37
3.82476e+2 9.14727e-37
4.30382e+2 8.58540e-37
4.84288e+2 8.05019e-37
5.44947e+2 7.46780e-37
6.13202e+2 6.92079e-37
6.90007e+2 6.42950e-37
7.76432e+2 5.97892e-37
8.77596e+2 5.56273e-37
