0.001021 6.164757e-26
0.001292 4.972162e-26
0.001756 3.601548e-26
0.002813 2.220267e-26
0.004792 1.297115e-26
0.007520 8.437954e-27
0.012045 4.929586e-27
0.019692 3.206779e-27
0.032526 1.976902e-27
0.051568 1.286008e-27
0.084308 7.927927e-28
0.136432 5.157251e-28
0.216303 3.540133e-28
0.350031 2.302917e-28
0.566436 1.580810e-28
0.916630 9.745307e-29
1.468217 6.689549e-29
2.400389 4.123944e-29
3.844835 2.830832e-29
6.221877 1.943191e-29
10.172153 1.264078e-29
16.293294 8.677115e-30
26.097860 5.956301e-30
43.550370 4.088631e-30
64.931236 3.297671e-30
111.733612 3.125105e-30
182.673401 3.479765e-30
295.609952 4.552640e-30
478.368735 6.285203e-30
790.136277 9.156258e-30
969.743289 1.135243e-29
