5.0000 2.57864e-42
5.5260 3.73832e-43
6.1074 8.63508e-44
6.7500 2.84217e-44
7.4602 1.19523e-44
8.2451 5.95781e-45
9.1125 3.34432e-45
10.0712 2.00948e-45
11.1308 1.25300e-45
12.3019 8.37642e-46
13.5962 6.05855e-46
15.0267 4.48509e-46
16.6076 3.39622e-46
18.3549 2.71388e-46
20.2860 2.27325e-46
22.4203 1.94802e-46
24.7791 1.69117e-46
27.3861 1.48751e-46
30.2674 1.32590e-46
33.4519 1.19798e-46
36.9713 1.09743e-46
40.8611 1.04262e-46
45.1601 1.07605e-46
49.9113 1.12030e-46
55.1625 1.17346e-46
60.9661 1.23563e-46
67.3804 1.30763e-46
74.4695 1.39039e-46
82.3044 1.48500e-46
90.9636 1.59271e-46
100.5339 1.71494e-46
111.1110 1.85330e-46
122.8010 2.00960e-46
135.7209 2.18587e-46
150.0001 2.38434e-46
165.7815 2.60751e-46
183.2234 2.85812e-46
202.5003 3.13916e-46
223.8053 3.45387e-46
247.3518 3.80576e-46
273.3757 4.19858e-46
302.1375 4.63628e-46
333.9254 5.12303e-46
369.0576 5.66312e-46
407.8861 6.26092e-46
450.7997 6.92136e-46
498.2283 7.65082e-46
550.6468 8.45653e-46
608.5803 9.34646e-46
672.6089 1.03294e-45
743.3740 1.14152e-45
821.5843 1.26146e-45
908.0230 1.39395e-45
1003.5560 1.54032e-45
1109.1400 1.70204e-45
1225.8324 1.88072e-45
1354.8021 2.07816e-45
1497.3406 2.29636e-45
1654.8756 2.53752e-45
1828.9848 2.80411e-45
2021.4120 3.09883e-45
2234.0845 3.42470e-45
2469.1322 3.78507e-45
2728.9092 4.18367e-45
3016.0174 4.62461e-45
3333.3321 5.11249e-45
3684.0315 5.65240e-45
4071.6279 6.25002e-45
4500.0033 6.91157e-45
4973.4479 7.64375e-45
5496.7037 8.45387e-45
6075.0110 9.34995e-45
6714.1621 1.03408e-44
7420.5580 1.14359e-44
8201.2739 1.26459e-44
9064.1287 1.39823e-44
10017.7643 1.54573e-44
11071.7318 1.70847e-44
12236.5870 1.88792e-44
13523.9966 2.08568e-44
14946.8542 2.30347e-44
16519.4105 2.54318e-44
18257.4153 2.80682e-44
20178.2752 3.09657e-44
22301.2286 3.41489e-44
24647.5375 3.76483e-44
27240.7013 4.14996e-44
30106.6914 4.57430e-44
33274.2119 5.04246e-44
36774.9868 5.55970e-44
40644.0777 6.13205e-44
44920.2351 6.76643e-44
49646.2864 7.47079e-44
54869.5648 8.25433e-44
60642.3835 9.12766e-44
67022.5597 1.01031e-43
74073.9933 1.11948e-43
81867.3071 1.24195e-43
90480.5543 1.37966e-43
100000.0000 1.53488e-43
