3.7072617176545504 9.56446665616893e-44
3.8508501490733438 6.550541400673721e-44
4.0922486562322655 3.590851303429635e-44
4.28317739331426 2.300408671227182e-44
4.586402145649586 1.2610294279870332e-44
4.818662574903902 8.446407663154116e-45
5.043483018903445 5.411025906442187e-45
5.400533112532899 2.966195958557114e-45
5.717309354337457 1.700040653949311e-45
6.075710717588355 9.743584933229567e-46
6.580428424804919 4.940777838751114e-46
7.073112687243831 2.6784327175796693e-46
7.602684788404608 1.5181175429085e-46
8.265600371832683 8.415122358464625e-47
9.089350168720516 4.36321493914698e-47
9.995194876727577 2.4730407073973654e-47
10.991316075329996 1.4985277388374344e-47
12.698794992658195 7.944756302152093e-48
12.65063061057648 7.944756302152093e-48
14.070891606994742 5.441229181550163e-48
15.710188553490973 4.028627670507712e-48
17.47394000080976 3.0840518864933024e-48
19.883933696527375 2.387377142216171e-48
23.77213328310094 1.8480783816049253e-48
27.569653565190873 1.6169725940590274e-48
34.76176989827275 1.4957499076146072e-48
44.16448052933287 1.512494469552529e-48
51.80686238460728 1.512494469552529e-48
65.07400329369729 1.6718876551602033e-48
84.90458268317852 1.9978554432898445e-48
103.0619442027239 2.334809276517564e-48
130.93916798185097 2.790026834480854e-48
166.9902674599808 3.371321429776484e-48
221.21578647479305 4.306911969606041e-48
316.18977133486294 5.882212273435626e-48
445.1210861383364 7.856801293614025e-48
631.4067117315011 1.0972108375504127e-47
996.2071690967874 1.7127047969495006e-47
1559.873776195147 2.7033965187396147e-47
1959.3394885854852 3.4536282189867866e-47
