9.0    3.65957e-46
11.0    9.77874e-47
13.0    3.90182e-47
16.0    1.45840e-47
17.0    1.16681e-47
19.0    9.27590e-48
21.0    8.03574e-48
23.0    7.04739e-48
26.0    6.18977e-48
29.0    5.90780e-48
30.0    5.89906e-48
32.0    6.51532e-48
36.0    7.40761e-48
40.0    9.07198e-48
43.0    9.70659e-48
46.0    1.08338e-47
55.0    1.35594e-47
65.0    1.66988e-47
78.0    2.04389e-47
91.0    2.37212e-47
110.0    2.93210e-47
129.0    3.47743e-47
155.0    4.25702e-47
182.0    4.95534e-47
219.0    6.01853e-47
256.0    7.06207e-47
308.0    8.39994e-47
361.0    9.80909e-47
434.0    1.19226e-46
508.0    1.40025e-46
612.0    1.66786e-46
716.0    1.94522e-46
862.0    2.32288e-46
1008.0    2.74710e-46
1214.0    3.26674e-46
1420.0    3.90159e-46
1710.0    4.63137e-46
2000.0    5.47851e-46
5000.0    1.35492e-45
10000.0    2.73165e-45
