5.027803016719876 2.349309154198352e-44
5.2174450847656475 1.741909713825979e-44
5.471818706961883 1.193776641714426e-44
5.830378964640927 7.561926966940873e-45
6.147063332001134 5.264625964968075e-45
6.549871379988438 3.7824899063893666e-45
7.016086688626117 2.5118864315095718e-45
7.676185874551862 1.4706907723990922e-45
8.532715969922785 8.886238162743408e-46
9.484820067313164 5.454464716378927e-46
10.655285339082674 3.59381366380464e-46
11.59627564017941 2.602463309528394e-46
12.958580389872372 1.7976322659837096e-46
14.480925680909946 1.2713745226887772e-46
15.67662897842647 1.0039437992839862e-46
17.987757709370527 7.100387508468449e-47
19.889402919615517 5.519253502000086e-47
24.31706631623922 4.678272016246914e-47
29.573554219991603 4.028359352386536e-47
39.350150817901195 3.7824899063893666e-47
50.99220927273744 3.9034892839242273e-47
66.42909656706871 4.358291149559092e-47
80.3625296076323 5.264625964968075e-47
108.06639362448738 6.772815277441372e-47
147.6450833318978 8.442979338859222e-47
181.4702815433786 1.0198751465593108e-46
233.9191891863915 1.2915496650148932e-46
307.9743506740975 1.6100434885846757e-46
445.97536837381017 2.188622905799897e-46
580.9856296631776 2.860291242530741e-46
930.2644652434014 4.623355248494129e-46
1458.3410873435132 7.184726762278741e-46
2839.831003096403 1.3700995912219933e-45
5769.027422901801 2.7607408473246533e-45
9790.652549158776 4.6415888336127535e-45
