10.25001135601888 1.8732395212387966e-47
11.012741365768763 1.6006035322446374e-47
11.958841235827476 1.3217735541177263e-47
13.26372250937835 1.0908752237394652e-47
14.31027788831358 1.0022530732479323e-47
15.439410248213514 9.216609345021806e-48
16.657635209677434 8.467856671369311e-48
17.971982499188535 7.779932285573518e-48
19.39003651391602 7.15434040770617e-48
20.919980087225927 6.579052977652502e-48
22.570641707447816 6.071877842710987e-48
24.351546462372177 5.804299192644243e-48
26.272971003451573 5.578601563047813e-48
28.34600284687485 5.366515180983703e-48
30.582604353709325 5.1624918650749154e-48
32.99568175830608 5.002166184117885e-48
35.59915964329455 4.948351476960083e-48
38.40806129092181 4.8907053483341255e-48
41.4385953744015 4.8424526952496437e-48
44.708249489521606 4.88189651529196e-48
48.23589106623234 4.934988506143533e-48
52.0418762425209 5.0111920302470356e-48
56.14816732882651 5.1485506104055824e-48
60.57845954081974 5.323155831110138e-48
65.35831773185382 5.508645670982018e-48
70.51532391409751 5.731513043060029e-48
76.07923641961607 5.97415740527512e-48
82.08216161983313 6.249566532326257e-48
88.55873919427557 6.567203198300033e-48
95.54634201768796 6.900983872190047e-48
103.08529181895928 7.29762972025303e-48
111.21909185631354 7.744947773796505e-48
119.99467795140995 8.043776791839729e-48
129.46268933093427 8.529139467930117e-48
139.67776083856776 9.249900021955022e-48
150.69883820352862 9.808040351355907e-48
162.5895181849349 1.0550933463634406e-47
175.4184155547807 1.1258391387010255e-47
189.25955903718875 1.2078432836493272e-47
204.19281848869116 1.2818796663295987e-47
220.3043657845715 1.3567803167146659e-47
237.68717207079587 1.486098065340525e-47
256.4415442509067 1.5771904500525022e-47
276.67570380366243 1.6829437357127846e-47
298.5064112714697 1.8120480177568602e-47
322.05964002319627 1.9829701262451527e-47
347.4713031792895 2.1140252243392526e-47
374.8880378939061 2.249682494712979e-47
404.46805151971404 2.428822224433597e-47
436.38203453813907 2.6293271228486854e-47
470.81414552309565 2.8412574354875176e-47
507.9630738218896 3.053709786824918e-47
548.0431860854626 3.276136642830088e-47
591.2857632640029 3.5242819664272952e-47
637.9403352059468 3.8186601189852287e-47
688.2761205616379 4.0857412357733235e-47
742.5835803005709 4.427017265408303e-47
801.1760938067193 4.762334058222672e-47
864.3917672238063 5.141553453863721e-47
932.5953844855329 5.530991558771093e-47
1006.1805122890876 5.966038204798399e-47
1085.5717711586399 6.429505910682612e-47
1171.2272857038963 6.972835546657556e-47
1263.6413282128838 7.460523019999765e-47
1363.347170833686 8.040088783758275e-47
1470.920162803568 8.656871073011897e-47
1586.9810504825643 9.38842567053792e-47
1712.1995593496256 1.006318724961389e-46
1847.2982586311323 1.0884111505980127e-46
1993.0567308625207 1.1740214097233199e-46
2150.316070443278 1.2720857124522431e-46
2319.983737144089 1.3549363794617657e-46
2503.0387925731825 1.4667895148579972e-46
2700.5375498186563 1.5993680190823558e-46
2913.619668867881 1.7158631757650977e-46
3143.514732977454 1.8375280224055534e-46
3391.5493439423312 1.97849098571464e-46
3659.1547772071895 2.1690195921748956e-46
3947.875240993653 2.3186321977182474e-46
4259.376787102273 2.487517293543628e-46
4595.456924808858 2.685595545336053e-46
4958.05499333172 2.9072976759344782e-46
5349.263352723966 3.138802575451694e-46
5771.3394577673325 3.3735035846631946e-46
6226.718884539624 3.642131945237785e-46
6718.029384825252 3.939246009059474e-46
7248.106049469183 4.233799422864287e-46
7820.007668173988 4.570932189859471e-46
8437.03438014383 4.939360705136061e-46
9102.746717427563 5.3182757003681326e-46
9796.360610548421 5.664653845176183e-46
