# MeV  DM-e cm^2
0.010437 3.4757e-37
0.011757 3.7892e-37
0.013301 4.1719e-37
0.014966 4.5858e-37
0.016841 5.0704e-37
0.018656 5.6306e-37
0.019781 6.4685e-37
0.020871 7.2372e-37
0.022123 8.1291e-37
0.024189 9.5355e-37
0.025576 1.0815e-36
0.027668 1.1848e-36
0.030312 1.3552e-36
0.032541 1.5259e-36
0.035567 1.7260e-36
0.038311 1.9528e-36
0.041197 2.2321e-36
0.044190 2.5397e-36
0.047095 2.8310e-36
0.050034 3.2788e-36
0.053361 3.6895e-36
0.056979 4.1585e-36
0.061018 4.7080e-36
0.067928 5.3006e-36
0.072834 5.8962e-36
0.076847 6.6847e-36
0.081439 7.6410e-36
0.086473 8.7504e-36
0.092222 9.8288e-36
0.098475 1.1061e-35
0.10535 1.2528e-35
0.11074 1.4206e-35
0.11677 1.6094e-35
0.12320 1.8344e-35
0.12999 2.0842e-35
0.13716 2.3680e-35
0.14535 2.7044e-35
0.15351 3.0815e-35
0.16213 3.4816e-35
0.17274 3.9450e-35
0.18498 4.5415e-35
0.19777 5.1675e-35
0.21293 5.8683e-35
0.22790 6.6405e-35
0.25011 7.5596e-35
0.28062 8.4715e-35
0.30176 9.5977e-35
0.32315 1.0968e-34
0.34549 1.2506e-34
0.37197 1.4122e-34
0.40098 1.6037e-34
0.42952 1.8309e-34
0.45363 2.0768e-34
0.47863 2.3457e-34
0.50772 2.6487e-34
0.54517 2.9738e-34
0.58955 3.3505e-34
0.63601 3.8120e-34
0.69674 4.2725e-34
0.77149 4.8234e-34
0.85886 5.4014e-34
0.95989 6.0347e-34
1.0474 6.8356e-34
1.1629 8.0668e-34
1.2906 9.5699e-34
