# MeV  DM-e cm^2
1.6814 8.6240e-34
1.6478 9.8202e-34
1.7306 7.4013e-34
1.7951 5.6973e-34
1.8202 4.9628e-34
1.7342 6.6726e-34
1.8997 3.8009e-34
1.8594 4.4985e-34
1.9409 3.2672e-34
2.0449 2.5783e-34
1.9937 2.9526e-34
2.1007 2.2012e-34
2.1958 1.8998e-34
2.2662 1.6621e-34
2.3058 1.4605e-34
2.4549 1.1658e-34
2.3943 1.3197e-34
2.5343 1.0219e-34
2.7149 7.7358e-35
2.5930 9.1576e-35
2.8075 6.5800e-35
2.9860 5.3292e-35
3.0523 4.6350e-35
3.3033 3.6446e-35
3.1285 4.2583e-35
3.4563 3.1901e-35
3.7736 2.4804e-35
3.5583 2.8786e-35
3.9501 2.1674e-35
4.1151 1.9060e-35
4.4734 1.6244e-35
4.7538 1.4644e-35
5.0699 1.2889e-35
5.3206 1.1366e-35
5.5539 1.0128e-35
5.8286 8.9019e-36
6.3170 7.8266e-36
7.0702 7.0195e-36
7.9557 6.4296e-36
8.9522 6.1716e-36
10.073 6.0583e-36
11.335 6.0376e-36
12.755 6.0112e-36
14.353 6.0112e-36
16.150 6.0053e-36
18.173 5.9790e-36
20.449 6.0849e-36
23.011 6.5403e-36
25.893 7.0675e-36
29.136 7.6224e-36
32.785 8.2410e-36
36.891 8.8923e-36
41.512 9.6045e-36
46.712 1.0374e-35
52.562 1.1298e-35
59.146 1.2467e-35
66.554 1.3745e-35
74.890 1.5153e-35
84.270 1.6713e-35
94.825 1.8452e-35
106.70 2.0492e-35
120.07 2.2980e-35
135.11 2.5808e-35
152.03 2.8828e-35
171.07 3.2392e-35
192.50 3.6289e-35
216.61 4.0576e-35
243.74 4.5548e-35
274.27 5.0854e-35
308.62 5.7112e-35
347.27 6.3766e-35
390.77 7.1613e-35
439.72 7.9957e-35
494.79 8.9752e-35
553.79 1.0051e-34
619.82 1.1364e-34
697.45 1.2788e-34
780.61 1.4459e-34
873.68 1.6192e-34
951.98 1.7605e-34
