# MeV  DM-e cm^2
1.2385 9.3552e-34
1.2732 7.6629e-34
1.2974 6.2098e-34
1.3121 5.2491e-34
1.3405 4.6283e-34
1.3584 3.8363e-34
1.3879 3.0852e-34
1.4176 2.5682e-34
1.4534 2.2283e-34
1.4752 1.9512e-34
1.4936 1.7361e-34
1.5294 1.5282e-34
1.5478 1.1340e-34
1.5840 9.8968e-35
1.6228 8.7558e-35
1.6592 7.7790e-35
1.6809 6.6757e-35
1.5323 1.3335e-34
1.7014 5.7641e-35
1.7398 4.9991e-35
1.7760 4.3248e-35
1.8121 3.7641e-35
1.8694 3.2392e-35
1.9237 2.7858e-35
1.9619 2.4458e-35
2.0044 2.1926e-35
2.0791 1.9000e-35
2.1348 1.6578e-35
2.1906 1.4653e-35
2.2248 1.2944e-35
2.3418 1.1124e-35
2.4421 9.4743e-36
2.5312 8.0415e-36
2.6464 6.8591e-36
2.7770 6.0507e-36
2.9022 5.2945e-36
3.0646 4.6199e-36
3.2833 4.0166e-36
3.5172 3.5807e-36
3.7315 3.1592e-36
4.0831 2.8965e-36
4.5658 2.5632e-36
5.0903 2.3790e-36
5.7664 2.2371e-36
6.4887 2.0966e-36
7.3014 2.0233e-36
8.2159 1.9988e-36
9.2450 1.9775e-36
10.403 1.9910e-36
11.706 2.0885e-36
13.172 2.1939e-36
14.822 2.3047e-36
16.678 2.4210e-36
18.767 2.5408e-36
21.118 2.7163e-36
23.763 2.9554e-36
26.740 3.2187e-36
30.089 3.5020e-36
33.857 3.8158e-36
38.098 4.1517e-36
42.870 4.5215e-36
50.139 5.0712e-36
56.242 5.6527e-36
62.629 6.2078e-36
71.514 6.8849e-36
79.812 7.8055e-36
89.392 8.4687e-36
96.064 9.1168e-36
105.66 9.8631e-36
116.26 1.0868e-35
134.60 1.2380e-35
152.19 1.3902e-35
180.13 1.6262e-35
168.61 1.5034e-35
207.51 1.8405e-35
227.65 2.0437e-35
251.88 2.2405e-35
283.67 2.4943e-35
319.57 2.7540e-35
356.40 3.1114e-35
400.68 3.3872e-35
466.44 4.0224e-35
524.86 4.4810e-35
430.46 3.7621e-35
600.19 5.1403e-35
671.75 5.7350e-35
746.48 6.3939e-35
837.63 7.1710e-35
914.25 8.3382e-35
