2.0664644293457113 4.796845463461094e-28
3.1167031600176056 2.606288499726047e-29
5.279580523138072 1.66480479066097e-30
9.866892745161168 1.411509373989507e-31
12.671055790193407 3.714691042283332e-32
13.132025481887037 3.4038836070888515e-34
13.488725043829776 1.849445175405058e-35
14.35915888310225 1.5629908301356754e-37
15.285762231805007 4.255522747847568e-40
16.565504075853067 9.495378869846892e-42
21.273407116009217 8.38303472104497e-43
36.359738955518075 3.306171432226118e-43
85.71852410245658 1.0685931065400973e-42
188.1441787552181 8.0767795465014e-42
299.3895678767427 1.42297565539069e-41
398.4629747086916 1.2103846330056002e-41
611.8076977337519 2.132468586655929e-41
947.8107485999029 2.407621394931806e-41
