0.011047930476260558 2.757942857386072e-39
0.013382852419248687 1.5221031301821722e-39
0.01654945673026278 8.016774270200266e-40
0.020106317688205776 4.056509103552626e-40
0.02486380512627361 2.17976371734214e-40
0.030746992808133474 1.1252877919566767e-40
0.038134560160310596 5.581038504063044e-41
0.0461940986861765 3.059661427156361e-41
0.05662111581030264 1.6114949452745982e-41
0.06940173846411853 8.3192300811784e-42
0.08582333808485834 4.337984716749336e-42
0.10613055988267515 2.3077793762696045e-42
0.1289404714733696 1.1561026415115533e-42
0.15944992043392864 6.212313413233183e-43
0.19314882167420003 3.3943879670158716e-43
0.23744609476076692 1.5590411168043897e-43
0.29887276304473087 5.899840070533487e-44
0.38562785986679865 1.9679051551342646e-44
0.462466856984836 1.0254606484618516e-44
0.5702097312514831 6.643377336109269e-45
0.7177214603837847 4.148645219982407e-45
0.911423803404919 2.9510916457667126e-45
1.1404587702712317 2.2972874688360645e-45
1.4828334117698276 1.8428927984256705e-45
1.9508743855206345 2.120360917136748e-45
2.45556036009434 2.439604963870747e-45
3.090807243572204 3.328059070901695e-45
3.9598568213331617 4.450011729147422e-45
5.073259122861397 5.0184486551113346e-45
6.499719381023279 5.437196618372274e-45
8.401276839126943 5.223628246443825e-45
11.053052663251293 4.8536356450561815e-45
13.912447761556798 5.223628246443825e-45
17.824243580576745 5.659496746722942e-45
21.4643024769555 5.890885629910471e-45
