0.011412279487756536 3.126327046294898e-40
0.013988280254706451 1.6032015828318518e-40
0.017298138808815325 8.387706906241553e-41
0.021202706593552795 4.3445786703600565e-41
0.025988620617565458 2.2806204303253255e-41
0.031911247369698 1.3295222826798754e-41
0.040451961916330006 7.526207613302074e-42
0.05046819470506167 4.381660371113283e-42
0.06408880952851959 3.1168443263110166e-42
0.08066841277526458 2.373428928505727e-42
0.10426875810617929 1.8145863055104565e-42
0.1314752888843005 1.4097436177238877e-42
0.1696391928167566 1.056428591043312e-42
0.2173370456012368 8.141831294709473e-43
0.27844621638643086 6.150390116935359e-43
0.3535947071262515 4.708517120245295e-43
0.4458571015111047 3.7270735026178594e-43
0.5752779815416255 2.7873905808066682e-43
0.7370302512742775 2.126811925508303e-43
0.9509712278915506 1.6066069872666252e-43
1.2183580556468834 1.2531770625050923e-43
1.536260527506903 1.0201832401439382e-43
1.9682145309593058 8.075361785999452e-44
2.5216220624805175 6.478086126348099e-44
3.230632497611593 5.196745479953643e-44
4.073591635856662 4.1466349716585197e-44
5.349901773321385 3.5043231272412755e-44
6.793760659568345 3.107390369145919e-44
8.703978401190826 2.755417966796505e-44
11.25041372765745 2.492760445038126e-44
14.413719145680483 2.492760445038126e-44
18.466458624523376 2.5946771138242066e-44
23.65871644123356 2.673839923680346e-44
