32.08518580878736 8.089859326385518e-29
32.66359751521103 5.602976919250322e-30
33.85189063975428 2.5894738221392407e-31
35.08341355701012 2.286127732002677e-32
35.398231999475826 1.7167829441308594e-33
36.359738955517926 9.327862817130779e-35
37.68249673781384 2.2567246173699837e-36
40.47412769820479 2.2421651789780816e-38
43.4725709479519 1.5529070704587907e-39
49.70627877524331 6.104696674864585e-41
63.26505916512665 4.2280679043120584e-42
92.06880623552183 1.3081421949286021e-42
138.86091396412516 9.464699210643014e-43
250.4044802649643 1.7363392189957936e-42
459.68848769972647 3.596399136764171e-42
705.8145252765065 5.843729320456864e-42
991.1063794804778 6.336174448267915e-42
