5.946917176750986 2.593168134543879e-45
6.176993634438738 1.8108055420978106e-45
6.359989394056034 1.3654551360395915e-45
6.572051636626874 9.947232626334607e-46
6.782622939032884 7.290647691264635e-46
6.987337367617579 5.604862184592798e-46
7.249001006722593 4.100577395834492e-46
7.528599748238497 2.965684043618613e-46
7.831675053537973 2.223922692951484e-46
8.072415334930307 1.7462858032860358e-46
8.352104945147058 1.3462032288316769e-46
8.674251131843159 1.0123430525430368e-46
9.042981556771405 7.535293218012035e-47
9.42738620235585 5.768930891261897e-47
9.828131358049623 4.41154278394332e-47
10.24591163634948 3.386008952729424e-47
10.721952147415596 2.536432825628455e-47
11.30535835063935 1.9851364841464371e-47
11.920509034092108 1.5283197429082626e-47
12.616789996245346 1.1703521318244069e-47
13.40437448467136 9.03258122941699e-48
14.295120986850819 7.004717437707265e-48
15.360888192095999 5.420666160653611e-48
16.631523373932648 4.2369000143074566e-48
18.075542383594257 3.351396429471099e-48
19.644937214422818 2.7441257762670026e-48
21.35059352403647 2.311295432885341e-48
23.204342108762575 1.9941686700727e-48
25.219040964566872 1.7680192510532862e-48
27.408664472858774 1.600675792400571e-48
29.788400329784444 1.476732804954407e-48
32.3747548913298 1.3926639042360923e-48
35.18566766492985 1.3397613311440415e-48
38.24063574172248 1.3065255124770757e-48
41.56084903253513 1.294275754056803e-48
45.16933724563054 1.2983461921022005e-48
49.09112962568019 1.3258115416755221e-48
53.35342856194909 1.365241863641858e-48
57.98579826987556 1.4132214490097852e-48
63.0203698547817 1.4813770620791843e-48
68.49206418007982 1.556073618361867e-48
74.43883408583687 1.6379618884659544e-48
80.90192763777637 1.7332063320666587e-48
87.92617423266861 1.8359096551989915e-48
95.56029554459803 1.9549027897291727e-48
103.85724346889711 2.0794307531707363e-48
112.87456740779729 2.20957727386174e-48
122.67481344537046 2.360188815418842e-48
133.32595818052158 2.5237066139219098e-48
144.90188022719212 2.6957301715756884e-48
157.48287265219915 2.888535211729979e-48
171.15619990509066 3.0918922328329417e-48
186.01670310299772 3.313031726833429e-48
202.16745786887287 3.5499876439574294e-48
219.72048928601743 3.8198503191667314e-48
238.7975489279772 4.110227393516357e-48
259.5309593534503 4.427309850712785e-48
282.064531923807 4.7688535542189236e-48
306.55456430939563 5.152900390551361e-48
333.1709246035533 5.562050712783916e-48
362.09822956397096 6.003688367100254e-48
393.53712515393954 6.493972825276524e-48
427.70567826558954 7.024295812308782e-48
464.8408892784145 7.613848780023891e-48
505.20033594450325 8.252883248949791e-48
549.0639600028201 8.954920198827777e-48
596.7360089148777 9.716676384289935e-48
648.5471461900879 1.054323186144956e-47
704.8567449384569 1.1440098824738882e-47
766.0553805592093 1.24653378046461e-47
832.5675398551438 1.355405362529328e-47
904.8545653637241 1.4737857293273866e-47
972.3156468171857 1.5251807989310274e-47
