2.73 9.288431945297945e-40
2.75 6.319272619037612e-40
2.8 2.8374278176528737e-40
3.0 3.622317320468634e-41
3.2 1.0093733554860686e-41
3.5 2.7078662672268523e-42
3.7 1.4053651850630283e-42
4.0 6.436687726874196e-43
4.2 4.211830689805871e-43
4.5 2.474834496249611e-43
4.7 1.8331569741040645e-43
5.0 1.2449770113903172e-43
5.2 9.956897569635043e-44
5.5 7.426357511849603e-44
5.7 6.016687556292615e-44
6.0 4.782726128564601e-44
6.5 3.477937573119966e-44
7.0 2.691740336516105e-44
7.3 2.363384224288673e-44
7.5 2.1851572197470986e-44
7.6 9.507393484521254e-45
8.0 8.1219703397232e-45
9.0 5.2256942123689425e-45
10.0 3.885103704278721e-45
12.0 2.7031851636518364e-45
14.0 2.0695870834515447e-45
17.0 1.8196170967935105e-45
17.25 1.80950847021514e-45
17.35 5.666378567261858e-46
18.0 5.241653849747817e-46
19.0 4.95908271902956e-46
20.0 4.777418769166447e-46
30.0 4.123409777894107e-46
35.0 4.331329363201274e-46
40.0 4.561705661798635e-46
50.0 5.165179476412952e-46
80.0 7.373854045315929e-46
100.0 8.954906413132362e-46 
