# MeV  DM-e cm^2
0.010056 3.9016e-37
0.012345 5.1191e-37
0.013869 6.2497e-37
0.016560 7.0603e-37
0.019022 8.1548e-37
0.021489 9.6301e-37
0.024546 1.1372e-36
0.029310 1.3356e-36
0.033667 1.6125e-36
0.038033 1.9470e-36
0.042728 2.3770e-36
0.049627 2.6118e-36
0.055572 3.0323e-36
0.059086 3.2965e-36
0.070150 3.9348e-36
0.078108 4.4833e-36
0.084516 5.0889e-36
0.091638 5.7529e-36
0.10659 6.6561e-36
0.11307 7.1368e-36
0.13497 8.3579e-36
0.14317 8.9642e-36
0.16372 1.1004e-35
0.18422 1.1124e-35
0.19732 1.2348e-35
0.22831 1.5368e-35
0.24612 1.6157e-35
0.29377 1.9187e-35
0.30996 2.0697e-35
0.35360 2.3930e-35
0.38004 2.4672e-35
0.41699 2.7394e-35
0.47099 3.1265e-35
0.52339 3.6343e-35
0.55630 4.1285e-35
0.61477 4.3819e-35
0.67467 4.4530e-35
0.80101 5.7728e-35
0.85426 6.0025e-35
0.97163 7.4136e-35
1.0530 7.7132e-35
1.1807 9.6752e-35
1.2502 1.0486e-34
1.3356 1.1576e-34
1.5312 1.2870e-34
1.8297 1.6335e-34
2.0353 1.8959e-34
2.2221 2.1201e-34
2.3926 2.2621e-34
2.7952 2.7098e-34
2.9493 2.9289e-34
