0.155860 8.584338e-25
0.169168 3.833247e-25
0.183611 1.806215e-25
0.207621 7.643401e-26
0.227668 4.465396e-26
0.252220 1.993976e-26
0.282296 7.181401e-27
0.315958 3.038970e-27
0.346465 1.154937e-27
0.387779 4.389250e-28
0.429597 1.668101e-28
0.466276 6.689549e-29
0.506087 3.509819e-29
0.590122 2.830832e-29
0.702349 2.409273e-29
0.786101 2.542311e-29
0.964790 2.542311e-29
1.184098 2.163718e-29
1.409286 1.653817e-29
1.694566 1.333880e-29
2.189032 9.661859e-30
2.552514 1.019538e-29
3.100810 9.661859e-30
3.964797 9.661859e-30
4.767385 1.019538e-29
5.732440 1.197930e-29
6.892850 1.407536e-29
8.634736 1.943191e-29
10.276865 2.542311e-29
12.484400 2.283197e-29
15.800313 1.841504e-29
19.194320 1.653817e-29
24.044900 1.407536e-29
28.617688 1.197930e-29
35.849640 1.075836e-29
43.106633 9.156258e-30
52.366211 7.792737e-30
62.966630 7.384946e-30
76.492260 6.285203e-30
95.822557 5.349231e-30
117.604120 5.644611e-30
148.840299 6.998495e-30
177.146305 8.223045e-30
217.413686 1.019538e-29
269.581074 1.264078e-29
324.151998 1.485259e-29
389.769638 1.841504e-29
508.685340 2.409273e-29
593.151056 2.682696e-29
727.981074 3.326152e-29
979.725748 4.845525e-29
